 -6.0000000e+000 -1.6416059e+002
 -5.8000000e+000  9.0739607e+001
 -5.6000000e+000 -1.3184209e+002
 -5.4000000e+000 -1.7842820e+002
 -5.2000000e+000 -4.8385646e+000
 -5.0000000e+000 -1.2701452e+002
 -4.8000000e+000 -1.7615622e+002
 -4.6000000e+000  1.2537198e+002
 -4.4000000e+000  7.3630727e+001
 -4.2000000e+000 -8.3434476e+001
 -4.0000000e+000  2.9928118e+002
 -3.8000000e+000 -7.8187869e+001
 -3.6000000e+000  1.2009934e+002
 -3.4000000e+000  4.3509408e+002
 -3.2000000e+000  1.2968382e+002
 -3.0000000e+000 -2.1456487e+001
 -2.8000000e+000  9.1967271e+001
 -2.6000000e+000  2.5838050e+001
 -2.4000000e+000  4.4077132e+001
 -2.2000000e+000  4.6415686e+002
 -2.0000000e+000  3.7341776e+002
 -1.8000000e+000  1.5620848e+002
 -1.6000000e+000  3.8183319e+002
 -1.4000000e+000  2.1906512e+002
 -1.2000000e+000  6.8640726e+001
 -1.0000000e+000  8.8155163e+001
 -8.0000000e-001  1.7871507e+001
 -6.0000000e-001  3.0154822e+002
 -4.0000000e-001  3.5839554e+002
 -2.0000000e-001  4.4372081e+002
  0.0000000e+000  2.9154875e+002
  2.0000000e-001  4.3411196e+001
  4.0000000e-001  4.5362328e+002
  6.0000000e-001  9.9072326e+001
  8.0000000e-001  2.3452077e+002
  1.0000000e+000  3.6245374e+002
  1.2000000e+000  1.2073043e+002
  1.4000000e+000  2.4743465e+002
  1.6000000e+000  1.5028175e+001
  1.8000000e+000  1.4794150e+002
  2.0000000e+000  2.7571587e+001
  2.2000000e+000  2.5037639e+002
  2.4000000e+000  4.4022279e+002
  2.6000000e+000  4.5694509e+002
  2.8000000e+000  2.0606676e+002
  3.0000000e+000  8.4885606e+001
  3.2000000e+000  4.5132269e+002
  3.4000000e+000  1.6286579e+002
  3.6000000e+000  5.3549973e+002
  3.8000000e+000  5.8787353e+002
  4.0000000e+000  3.9270310e+002
  4.2000000e+000  2.4977563e+002
  4.4000000e+000  6.2744182e+002
  4.6000000e+000  4.3462598e+002
  4.8000000e+000  2.8252481e+002
  5.0000000e+000  4.6466786e+002
  5.2000000e+000  5.8365569e+002
  5.4000000e+000  4.1776776e+002
  5.6000000e+000  7.0442975e+002
  5.8000000e+000  7.8588807e+002
  6.0000000e+000  7.3605881e+002
  6.2000000e+000  5.4079367e+002
  6.4000000e+000  9.6697562e+002
  6.6000000e+000  5.7129390e+002
  6.8000000e+000  7.6683395e+002
  7.0000000e+000  9.1861524e+002
  7.2000000e+000  1.1540428e+003
  7.4000000e+000  9.9043973e+002
  7.6000000e+000  1.0072428e+003
  7.8000000e+000  1.1687705e+003
  8.0000000e+000  1.4611310e+003
  8.2000000e+000  1.1141949e+003
  8.4000000e+000  1.3654936e+003
  8.6000000e+000  1.4063153e+003
  8.8000000e+000  1.6777233e+003
  9.0000000e+000  1.5469662e+003
  9.2000000e+000  1.7982300e+003
  9.4000000e+000  2.0251944e+003
  9.6000000e+000  2.0558845e+003
  9.8000000e+000  2.3408091e+003
  1.0000000e+001  2.0909190e+003
